[
    [0, 1200, 9300, 1900, 1400, 1200, 3500, 2300, 1100, 3000, 5800, 1800],
    [1200, 0, 9600, 2200, 1400, 570, 2900, 1200, 1100, 1900, 5200, 900],
    [9300, 9600, 0, 7400, 8300, 9100, 5800, 9500, 9600, 10200, 3500, 7800],
    [1900, 2200, 7400, 0, 1000, 1800, 1600, 2200, 2200, 2900, 3000, 500],
    [1400, 1400, 8300, 1000, 0, 800, 2500, 1400, 1500, 2100, 4800, 500],
    [1200, 570, 9100, 1800, 800, 0, 3300, 1000, 700, 1800, 5600, 1300],
    [3500, 2900, 5800, 1600, 2500, 3300, 0, 3700, 3800, 4400, 2300, 2000],
    [2300, 1200, 9500, 2200, 1400, 1000, 3700, 0, 1800, 700, 6000, 1700],
    [1100, 1100, 9600, 2200, 1500, 700, 3800, 1800, 0, 2500, 6100, 2000],
    [3000, 1900, 10200, 2900, 2100, 1800, 4400, 700, 2500, 0, 6700, 2500],
    [5800, 5200, 3500, 3000, 4800, 5600, 2300, 6000, 6100, 6700, 0, 4200],
    [1800, 900, 7800, 500, 500, 1300, 2000, 1700, 2000, 2500, 4200, 0]
]